/*--------------------------------*- C++ -*----------------------------------*\
  =========                 |
  \\      /  F ield         | OpenFOAM: The Open Source CFD Toolbox
   \\    /   O peration     | Website:  https://openfoam.org
    \\  /    A nd           | Version:  13
     \\/     M anipulation  |
\*---------------------------------------------------------------------------*/
FoamFile
{
    format      ascii;
    class       volScalarField;
    location    "0.001";
    object      p;
}
// * * * * * * * * * * * * * * * * * * * * * * * * * * * * * * * * * * * * * //

dimensions      [1 -1 -2 0 0 0 0];

internalField   nonuniform List<scalar> 
1000
(
100000
100000
100000
100000
100000
100000
100000
100000
100000
100000
100000
100000
100000
100000
100000
100000
100000
100000
100000
100000
100000
100000
100000
100000
100000
100000
100000
100000
100000
100000
100000
100000
100000
100000
100000
100000
100000
100000
100000
100000
100000
100000
100000
100000
100000
100000
100000
100000
100000
100000
100000
100000
100000
100000
100000
100000
100000
100000
100000
100000
100000
100000
100000
100000
100000
100000
100000
100000
100000
100000
100000
100000
100000
100000
100000
100000
100000
100000
100000
100000
100000
100000
100000
100000
100000
100000
100000
100000
100000
100000
100000
100000
100000
100000
100000
100000
100000
100000
100000
100000
100000
100000
100000
100000
100000
100000
100000
100000
100000
100000
100000
100000
100000
100000
100000
100000
100000
100000
100000
100000
100000
100000
100000
100000
100000
100000
100000
100000
100000
100000
100000
100000
100000
100000
100000
100000
100000
100000
100000
100000
100000
100000
100000
100000
100000
100000
100000
100000
100000
100000
100000
100000
100000
100000
100000
100000
100000
100000
100000
100000
100000
100000
100000
100000
100000
100000
100000
100000
100000
100000
100000
100000
100000
100000
100000
100000
100000
100000
100000
100000
100000
100000
100000
100000
100000
100000
100000
100000
100000
100000
100000
100000
100000
100000
100000
100000
100000
100000
100000
100000
100000
100000
100000
100000
100000
100000
100000
100000
100000
100000
100000
100000
100000
100000
100000
100000
100000
100000
100000
100000
100000
100000
100000
100000
100000
100000
100000
100000
100000
100000
100000
100000
100000
100000
100000
100000
100000
100000
100000
100000
100000
100000
100000
100000
100000
100000
100000
100000
100000
100000
100000
100000
100000
100000
100000
100000
100000
100000
100000
100000
100000
100000
100000
100000
100000
100000
100000
100000
100000
100000
100000
100000
100000
100000
100000
100000
100000
100000
100000
100000
100000
100000
100000
100000
100000
100000
100000
100000
100000
100000
100000
100000
100000
100000
100000
100000
100000
100000
100000
100000
100000
100000
100000
100000
100000
100000
100000
100000
100000
100000
100000
100000
100000
100000
100000
100000
100000
100000
100000
100000
100000
100000
100000
100000
100000
100000
100000
100000
100000
100000
100000
100000
100000
100000
100000
100000
100000
100000
100000
100000
100000
100000
100000
100000
100000
100000
100000
100000
100000
100000
100000
100000
100000
100000
100000
100000
100000
100000
100000
100000
100000
100000
100000
100000
100000
100000
100000
100000
100000
100000
100000
100000
100000
100000
100000
100000
100000
100000
100000
100000
100000
100000
100000
100000
100000
100000
100000
100000
100000
100000
100000
100000
100000
100000
100000
100000
100000
100000
100000
100000
100000
100000
100000
100000
100000
100000
100000
100000
100000
100000
100000
100000
100000
100000
100000
100000
100000
100000
100000
100000
100000
100000
100000
100000
100000
100000
100000
100000
100000
100000
100000
100000
100000
100000
100000
100000
100000
100000
100000
100000
100000
100000
100000
100000
100000
100000
99999.9
99999.8
99999.6
99998.9
99997.4
99993.8
99985.8
99968.2
99931.1
99856.1
99711.4
99447.9
99001.2
98308
97329.9
96066.5
94546.3
92811.9
90908.2
88877.4
86756.4
84575.7
82360.8
80132.2
77906.8
75699.1
73521.8
71387.6
69310.8
67309.8
65409.9
63646.7
62065.7
60717
59640.5
58843.1
58246.9
57787.1
57083.1
56037.6
54704.7
53200.3
51619.2
50018.6
48429.2
46867.1
45339.8
43851.2
42402.5
40995.5
39629.2
38311.5
37037
35837.3
34706.7
33700.2
32896.8
32346.1
32028.5
31866.9
31786.4
31743.2
31717.5
31701.4
31691.5
31685.8
31682.9
31681.8
31681.8
31682
31682.2
31682.6
31682.9
31683.2
31683.4
31683.6
31683.7
31683.8
31683.9
31684.1
31684.4
31685.5
31687.2
31691.1
31695.9
31702.1
31704.9
31702.6
31694.4
31683.7
31681.8
31683.9
31678.1
31680.5
31681.8
31677.9
31677.9
31677.1
31677.1
31673.6
31675.7
31658.4
31671.4
31628
31649
31533.7
31529.1
31192.9
31028.7
29893.6
28981.4
25457.9
20965.8
13703.7
10684.2
10134.9
10045.5
10031.2
10028.9
10028.6
10028.5
10028.5
10028.5
10028.5
10028.5
10028.5
10028.5
10028.5
10028.5
10028.5
10028.5
10028.5
10028.5
10028.5
10028.5
10028.5
10028.5
10028.5
10028.5
10028.5
10028.5
10028.5
10028.5
10028.5
10028.5
10028.5
10028.5
10028.5
10028.5
10028.5
10028.5
10028.5
10028.5
10028.5
10028.5
10028.5
10028.5
10028.5
10028.5
10028.5
10028.5
10028.5
10028.5
10028.5
10028.5
10028.5
10028.5
10028.5
10028.5
10028.5
10028.5
10028.5
10028.5
10028.5
10028.5
10028.5
10028.5
10028.5
10028.5
10028.5
10028.5
10028.5
10028.5
10028.5
10028.5
10028.5
10028.5
10028.5
10028.5
10028.5
10028.5
10028.5
10028.5
10028.5
10028.5
10028.5
10028.5
10028.5
10028.5
10028.5
10028.5
10028.5
10028.5
10028.5
10028.5
10028.5
10028.5
10028.5
10028.5
10028.5
10028.5
10028.5
10028.5
10028.5
10028.5
10028.5
10028.5
10028.5
10028.5
10028.5
10028.5
10028.5
10028.5
10028.5
10028.5
10028.5
10028.5
10028.5
10028.5
10028.5
10028.5
10028.5
10028.5
10028.5
10028.5
10028.5
10028.5
10028.5
10028.5
10028.5
10028.5
10028.5
10028.5
10028.5
10028.5
10028.5
10028.5
10028.5
10028.5
10028.5
10028.5
10028.5
10028.5
10028.5
10028.5
10028.5
10028.5
10028.5
10028.5
10028.5
10028.5
10028.5
10028.5
10028.5
10028.5
10028.5
10028.5
10028.5
10028.5
10028.5
10028.5
10028.5
10028.5
10028.5
10028.5
10028.5
10028.5
10028.5
10028.5
10028.5
10028.5
10028.5
10028.5
10028.5
10028.5
10028.5
10028.5
10028.5
10028.5
10028.5
10028.5
10028.5
10028.5
10028.5
10028.5
10028.5
10028.5
10028.5
10028.5
10028.5
10028.5
10028.5
10028.5
10028.5
10028.5
10028.5
10028.5
10028.5
10028.5
10028.5
10028.5
10028.5
10028.5
10028.5
10028.5
10028.5
10028.5
10028.5
10028.5
10028.5
10028.5
10028.5
10028.5
10028.5
10028.5
10028.5
10028.5
10028.5
10028.5
10028.5
10028.5
10028.5
10028.5
10028.5
10028.5
10028.5
10028.5
10028.5
10028.5
10028.5
10028.5
10028.5
10028.5
10028.5
10028.5
10028.5
10028.5
10028.5
10028.5
10028.5
10028.5
10028.5
10028.5
10028.5
10028.5
10028.5
10028.5
10028.5
10028.5
10028.5
10028.5
10028.5
10028.5
10028.5
10028.5
10028.5
10028.5
10028.5
10028.5
10028.5
10028.5
10028.5
10028.5
10028.5
10028.5
10028.5
10028.5
10028.5
10028.5
10028.5
10028.5
10028.5
10028.5
10028.5
10028.5
10028.5
10028.5
10028.5
10028.5
10028.5
10028.5
10028.5
10028.5
10028.5
10028.5
10028.5
10028.5
10028.5
10028.5
10028.5
10028.5
10028.5
10028.5
10028.5
10028.5
10028.5
10028.5
10028.5
10028.5
10028.5
10028.5
10028.5
10028.5
10028.5
10028.5
10028.5
10028.5
10028.5
10028.5
10028.5
10028.5
10028.5
10028.5
10028.5
10028.5
10028.5
10028.5
10028.5
10028.5
10028.5
10028.5
10028.5
10028.5
10028.5
10028.5
10028.5
10028.5
10028.5
10028.5
10028.5
10028.5
10028.5
10028.5
10028.5
10028.5
10028.5
10028.5
10028.5
10028.5
10028.5
10028.5
10028.5
10028.5
10028.5
10028.5
10028.5
10028.5
10028.5
10028.5
10028.5
10028.5
10028.5
10028.5
10028.5
10028.5
10028.5
10028.5
10028.5
10028.5
10028.5
10028.5
10028.5
10028.5
10028.5
10028.5
10028.5
10028.5
10028.5
10028.5
10028.5
10028.5
10028.5
10028.5
10028.5
10028.5
10028.5
10028.5
10028.5
10028.5
10028.5
10028.5
10028.5
10028.5
10028.5
10028.5
10028.5
10028.5
10028.5
10028.5
10028.5
10028.5
10028.5
10028.5
10028.5
10028.5
10028.5
10028.5
10028.5
10028.5
10028.5
10028.5
10028.5
10028.5
10028.5
10028.5
10028.5
10028.5
10028.5
10028.5
10028.5
10028.5
10028.5
10028.5
10028.5
10028.5
10028.5
10028.5
10028.5
10028.5
10028.5
10028.5
10028.5
10028.5
10028.5
10028.5
10028.5
10028.5
10028.5
10028.5
10028.5
10028.5
10028.5
10028.5
10028.5
10028.5
10028.5
10028.5
10028.5
10028.5
10028.5
10028.5
10028.5
10028.5
10028.5
)
;

boundaryField
{
    sides
    {
        type            zeroGradient;
    }
    empty
    {
        type            empty;
    }
}


// ************************************************************************* //
