/*--------------------------------*- C++ -*----------------------------------*\
  =========                 |
  \\      /  F ield         | OpenFOAM: The Open Source CFD Toolbox
   \\    /   O peration     | Website:  https://openfoam.org
    \\  /    A nd           | Version:  13
     \\/     M anipulation  |
\*---------------------------------------------------------------------------*/
FoamFile
{
    format      ascii;
    class       volScalarField;
    location    "0.001";
    object      rho;
}
// * * * * * * * * * * * * * * * * * * * * * * * * * * * * * * * * * * * * * //

dimensions      [1 -3 0 0 0 0 0];

internalField   nonuniform List<scalar> 
1000
(
0.995488
0.995488
0.995488
0.995488
0.995488
0.995488
0.995488
0.995488
0.995488
0.995488
0.995488
0.995488
0.995488
0.995488
0.995488
0.995488
0.995488
0.995488
0.995488
0.995488
0.995488
0.995488
0.995488
0.995488
0.995488
0.995488
0.995488
0.995488
0.995488
0.995488
0.995488
0.995488
0.995488
0.995488
0.995488
0.995488
0.995488
0.995488
0.995488
0.995488
0.995488
0.995488
0.995488
0.995488
0.995488
0.995488
0.995488
0.995488
0.995488
0.995488
0.995488
0.995488
0.995488
0.995488
0.995488
0.995488
0.995488
0.995488
0.995488
0.995488
0.995488
0.995488
0.995488
0.995488
0.995488
0.995488
0.995488
0.995488
0.995488
0.995488
0.995488
0.995488
0.995488
0.995488
0.995488
0.995488
0.995488
0.995488
0.995488
0.995488
0.995488
0.995488
0.995488
0.995488
0.995488
0.995488
0.995488
0.995488
0.995488
0.995488
0.995488
0.995488
0.995488
0.995488
0.995488
0.995488
0.995488
0.995488
0.995488
0.995488
0.995488
0.995488
0.995488
0.995488
0.995488
0.995488
0.995488
0.995488
0.995488
0.995488
0.995488
0.995488
0.995488
0.995488
0.995488
0.995488
0.995488
0.995488
0.995488
0.995488
0.995488
0.995488
0.995488
0.995488
0.995488
0.995488
0.995488
0.995488
0.995488
0.995488
0.995488
0.995488
0.995488
0.995488
0.995488
0.995488
0.995488
0.995488
0.995488
0.995488
0.995488
0.995488
0.995488
0.995488
0.995488
0.995488
0.995488
0.995488
0.995488
0.995488
0.995488
0.995488
0.995488
0.995488
0.995488
0.995488
0.995488
0.995488
0.995488
0.995488
0.995488
0.995488
0.995488
0.995488
0.995488
0.995488
0.995488
0.995488
0.995488
0.995488
0.995488
0.995488
0.995488
0.995488
0.995488
0.995488
0.995488
0.995488
0.995488
0.995488
0.995488
0.995488
0.995488
0.995488
0.995488
0.995488
0.995488
0.995488
0.995488
0.995488
0.995488
0.995488
0.995488
0.995488
0.995488
0.995488
0.995488
0.995488
0.995488
0.995488
0.995488
0.995488
0.995488
0.995488
0.995488
0.995488
0.995488
0.995488
0.995488
0.995488
0.995488
0.995488
0.995488
0.995488
0.995488
0.995488
0.995488
0.995488
0.995488
0.995488
0.995488
0.995488
0.995488
0.995488
0.995488
0.995488
0.995488
0.995488
0.995488
0.995488
0.995488
0.995488
0.995488
0.995488
0.995488
0.995488
0.995488
0.995488
0.995488
0.995488
0.995488
0.995488
0.995488
0.995488
0.995488
0.995488
0.995488
0.995488
0.995488
0.995488
0.995488
0.995488
0.995488
0.995488
0.995488
0.995488
0.995488
0.995488
0.995488
0.995488
0.995488
0.995488
0.995488
0.995488
0.995488
0.995488
0.995488
0.995488
0.995488
0.995488
0.995488
0.995488
0.995488
0.995488
0.995488
0.995488
0.995488
0.995488
0.995488
0.995488
0.995488
0.995488
0.995488
0.995488
0.995488
0.995488
0.995488
0.995488
0.995488
0.995488
0.995488
0.995488
0.995488
0.995488
0.995488
0.995488
0.995488
0.995488
0.995488
0.995488
0.995488
0.995488
0.995488
0.995488
0.995488
0.995488
0.995488
0.995488
0.995488
0.995488
0.995488
0.995488
0.995488
0.995488
0.995488
0.995488
0.995488
0.995488
0.995488
0.995488
0.995488
0.995488
0.995488
0.995488
0.995488
0.995488
0.995488
0.995488
0.995488
0.995488
0.995488
0.995488
0.995488
0.995488
0.995488
0.995488
0.995488
0.995488
0.995488
0.995488
0.995488
0.995488
0.995488
0.995488
0.995488
0.995488
0.995488
0.995488
0.995488
0.995488
0.995488
0.995488
0.995488
0.995488
0.995488
0.995488
0.995488
0.995488
0.995488
0.995488
0.995488
0.995488
0.995488
0.995488
0.995488
0.995488
0.995488
0.995488
0.995488
0.995488
0.995488
0.995488
0.995488
0.995488
0.995488
0.995488
0.995488
0.995488
0.995488
0.995488
0.995488
0.995488
0.995488
0.995488
0.995488
0.995488
0.995488
0.995488
0.995488
0.995488
0.995488
0.995488
0.995488
0.995488
0.995488
0.995488
0.995488
0.995488
0.995488
0.995488
0.995488
0.995488
0.995488
0.995488
0.995488
0.995488
0.995488
0.995488
0.995488
0.995488
0.995488
0.995488
0.995488
0.995488
0.995488
0.995488
0.995488
0.995488
0.995488
0.995488
0.995488
0.995488
0.995488
0.995488
0.995488
0.995488
0.995488
0.995488
0.995488
0.995488
0.995488
0.995488
0.995488
0.995488
0.995488
0.995488
0.995488
0.995488
0.995488
0.995488
0.995488
0.995488
0.995488
0.995488
0.995488
0.995487
0.995487
0.995486
0.995485
0.99548
0.995469
0.995444
0.995386
0.99526
0.994995
0.994458
0.993422
0.991534
0.988332
0.983352
0.976309
0.967181
0.956153
0.943509
0.929557
0.914584
0.898844
0.882551
0.865884
0.848989
0.83199
0.814994
0.798098
0.781403
0.765024
0.749116
0.733891
0.719652
0.706792
0.695732
0.686852
0.680431
0.675645
0.670368
0.662201
0.650073
0.634611
0.617158
0.598816
0.580249
0.561811
0.543689
0.525972
0.508703
0.491897
0.475574
0.459725
0.444439
0.429654
0.415737
0.402621
0.390944
0.381625
0.375236
0.371552
0.369677
0.368743
0.368242
0.367944
0.367757
0.367642
0.367577
0.367543
0.36753
0.367528
0.367529
0.367529
0.367529
0.367526
0.367515
0.367485
0.36741
0.36724
0.366879
0.366163
0.36483
0.362499
0.358682
0.352823
0.344448
0.333329
0.319731
0.304533
0.289291
0.275967
0.266186
0.260264
0.257158
0.255634
0.255008
0.25479
0.254715
0.25472
0.254749
0.254826
0.254912
0.254996
0.254935
0.255016
0.25476
0.254875
0.25419
0.254165
0.252191
0.251287
0.244559
0.239461
0.218145
0.191003
0.143239
0.121541
0.117208
0.116478
0.11636
0.116341
0.116338
0.116337
0.116337
0.116337
0.116337
0.116337
0.116337
0.116337
0.116337
0.116337
0.116337
0.116337
0.116337
0.116337
0.116337
0.116337
0.116337
0.116337
0.116337
0.116337
0.116337
0.116337
0.116337
0.116337
0.116337
0.116337
0.116337
0.116337
0.116337
0.116337
0.116337
0.116337
0.116337
0.116337
0.116337
0.116337
0.116337
0.116337
0.116337
0.116337
0.116337
0.116337
0.116337
0.116337
0.116337
0.116337
0.116337
0.116337
0.116337
0.116337
0.116337
0.116337
0.116337
0.116337
0.116337
0.116337
0.116337
0.116337
0.116337
0.116337
0.116337
0.116337
0.116337
0.116337
0.116337
0.116337
0.116337
0.116337
0.116337
0.116337
0.116337
0.116337
0.116337
0.116337
0.116337
0.116337
0.116337
0.116337
0.116337
0.116337
0.116337
0.116337
0.116337
0.116337
0.116337
0.116337
0.116337
0.116337
0.116337
0.116337
0.116337
0.116337
0.116337
0.116337
0.116337
0.116337
0.116337
0.116337
0.116337
0.116337
0.116337
0.116337
0.116337
0.116337
0.116337
0.116337
0.116337
0.116337
0.116337
0.116337
0.116337
0.116337
0.116337
0.116337
0.116337
0.116337
0.116337
0.116337
0.116337
0.116337
0.116337
0.116337
0.116337
0.116337
0.116337
0.116337
0.116337
0.116337
0.116337
0.116337
0.116337
0.116337
0.116337
0.116337
0.116337
0.116337
0.116337
0.116337
0.116337
0.116337
0.116337
0.116337
0.116337
0.116337
0.116337
0.116337
0.116337
0.116337
0.116337
0.116337
0.116337
0.116337
0.116337
0.116337
0.116337
0.116337
0.116337
0.116337
0.116337
0.116337
0.116337
0.116337
0.116337
0.116337
0.116337
0.116337
0.116337
0.116337
0.116337
0.116337
0.116337
0.116337
0.116337
0.116337
0.116337
0.116337
0.116337
0.116337
0.116337
0.116337
0.116337
0.116337
0.116337
0.116337
0.116337
0.116337
0.116337
0.116337
0.116337
0.116337
0.116337
0.116337
0.116337
0.116337
0.116337
0.116337
0.116337
0.116337
0.116337
0.116337
0.116337
0.116337
0.116337
0.116337
0.116337
0.116337
0.116337
0.116337
0.116337
0.116337
0.116337
0.116337
0.116337
0.116337
0.116337
0.116337
0.116337
0.116337
0.116337
0.116337
0.116337
0.116337
0.116337
0.116337
0.116337
0.116337
0.116337
0.116337
0.116337
0.116337
0.116337
0.116337
0.116337
0.116337
0.116337
0.116337
0.116337
0.116337
0.116337
0.116337
0.116337
0.116337
0.116337
0.116337
0.116337
0.116337
0.116337
0.116337
0.116337
0.116337
0.116337
0.116337
0.116337
0.116337
0.116337
0.116337
0.116337
0.116337
0.116337
0.116337
0.116337
0.116337
0.116337
0.116337
0.116337
0.116337
0.116337
0.116337
0.116337
0.116337
0.116337
0.116337
0.116337
0.116337
0.116337
0.116337
0.116337
0.116337
0.116337
0.116337
0.116337
0.116337
0.116337
0.116337
0.116337
0.116337
0.116337
0.116337
0.116337
0.116337
0.116337
0.116337
0.116337
0.116337
0.116337
0.116337
0.116337
0.116337
0.116337
0.116337
0.116337
0.116337
0.116337
0.116337
0.116337
0.116337
0.116337
0.116337
0.116337
0.116337
0.116337
0.116337
0.116337
0.116337
0.116337
0.116337
0.116337
0.116337
0.116337
0.116337
0.116337
0.116337
0.116337
0.116337
0.116337
0.116337
0.116337
0.116337
0.116337
0.116337
0.116337
0.116337
0.116337
0.116337
0.116337
0.116337
0.116337
0.116337
0.116337
0.116337
0.116337
0.116337
0.116337
0.116337
0.116337
0.116337
0.116337
0.116337
0.116337
0.116337
0.116337
0.116337
0.116337
0.116337
0.116337
0.116337
0.116337
0.116337
0.116337
0.116337
0.116337
0.116337
0.116337
0.116337
0.116337
0.116337
0.116337
0.116337
0.116337
0.116337
0.116337
0.116337
0.116337
0.116337
0.116337
0.116337
0.116337
0.116337
0.116337
0.116337
0.116337
0.116337
0.116337
0.116337
0.116337
0.116337
0.116337
0.116337
0.116337
0.116337
0.116337
0.116337
0.116337
0.116337
0.116337
0.116337
0.116337
0.116337
0.116337
0.116337
0.116337
0.116337
0.116337
0.116337
0.116337
0.116337
0.116337
0.116337
0.116337
0.116337
0.116337
0.116337
0.116337
0.116337
0.116337
0.116337
0.116337
0.116337
0.116337
0.116337
0.116337
0.116337
0.116337
0.116337
0.116337
0.116337
0.116337
0.116337
0.116337
0.116337
0.116337
0.116337
0.116337
0.116337
0.116337
)
;

boundaryField
{
    sides
    {
        type            calculated;
        value           nonuniform List<scalar> 2(0.116337 0.995488);
    }
    empty
    {
        type            empty;
    }
}


// ************************************************************************* //
